26
0 344
386 593 693 986 1177 1734 1970 2407 2500 2797 2846 2885 2926 3066 3313 3342 3951 4113 4213 4290 4328 4374 4476 4731 5325 5610 5683 6093 6580 6600 6970 6973 7072 7180 7292 7481 7563 8024 8351 8602 8674 8930 9027 9069 9441 9591 9857 10108 10284 11006 11007 11917 12261 12286 12421 12749 13782 13975 14100 14769 15755 17643 17880 17983 18088 18369 18709 18877 19265 19369 20380 20438 20886 21671 22260 22510 22580 22599 23462 23922 23954 24867 24972 25170 25355 25592 25685 26092 26528 27615 27656 27863 27933 27998 28322 28604 28683 28809 29026 29259 29628 29655 30262 30407 30475 30623 30769 31074 31470 31633 31819 32003 32237 32267 32366 33315 34352 34373 34505 34541 34608 35107 35197 35319 35444 35512 35661 35983 36490 36651 37116 37367 37567 37903 37925 37940 38069 38182 38183 38494 38677 38880 39198 39492 39496 39635 39752 39973 40061 40455 40929 41060 41071 41289 41328 41469 42126 42234 42332 42434 42557 42729 42800 43074 43162 43297 43658 44167 44402 44616 44902 45358 45410 45572 45680 45717 46257 46583 47044 47842 48125 48814 48946 49247 49538 50047 50317 50394 50523 50592 50618 50625 50872 51722 52050 52090 52440 52465 52583 52906 53602 53706 53941 54534 54633 54664 54810 55326 55913 56271 56286 56984 58636 58955 59126 59278 59703 60041 60944 60979 61524 62436 62548 62860 62989 63100 63214 63263 64075 64658 64691 65211 65316 65856 65959 66827 67463 67516 67555 67732 69055 70371 70381 71126 71381 71589 71630 71844 71846 71970 72715 72752 73153 73467 73775 73947 74214 74370 74650 74784 74985 75179 75458 75985 76166 76197 77669 77738 77763 77895 78361 79038 79283 79315 80092 80118 80160 80191 80354 80636 80650 80909 81264 81433 81797 82252 82801 83261 83315 83655 83832 83834 84637 84835 84948 84991 85336 85368 85809 85867 85925 85964 85982 86227 86242 86342 86413 86636 86920 87332 87833 88953 89497 89603 89610 89805 89917 90797 91345 91648 91865 92380 92397 92730 92963 93078 93442 93817 93968 94267 94965 95567 96284 96360 96613 96727 96897 97495 97566 98633 98726 99567 99630 99650 
1 190
832 1143 1185 1635 1960 2464 2566 3018 3674 3875 5001 5029 5193 6613 6634 6741 6889 7024 7408 7488 8155 9310 9748 9941 10004 10452 10478 10503 10632 10685 10824 11646 12086 13436 13488 13602 13725 13872 13998 14717 15067 15231 15423 15573 15937 16012 16133 16145 16545 16552 17826 18233 19217 19284 19598 19789 20534 21107 21461 22257 22281 22777 23162 23195 23237 23403 23440 23528 23640 23877 24029 24503 24512 24778 25098 25444 26773 27469 27478 27505 28005 28205 29694 30413 30457 30904 31419 31484 31608 31711 32625 32973 33270 33956 34274 34306 34941 35066 35533 35534 35715 35798 37057 37538 38140 38232 38415 39012 40927 41314 41451 41761 42013 42330 42548 42666 42699 42773 43618 43963 45196 45215 45850 47595 48013 48091 48266 48890 49183 49449 49568 49920 50272 50954 51653 51880 52013 52096 52395 52943 52947 53069 53667 54078 54665 55396 55647 55946 56234 56500 56547 57258 57438 57528 57632 57996 58385 58707 59588 59712 59756 60042 60337 60341 60459 60662 61581 61664 61705 62250 62374 62700 63095 63727 63867 64513 64862 65190 65744 65951 66257 67569 67861 68109 68319 68786 69181 69784 
2 42
990 3694 4797 4967 7988 9816 14231 15378 15822 18725 18731 20070 20417 21110 22850 25309 28336 28678 29076 31577 32282 33458 37448 40238 46105 47713 56751 57618 59076 61729 63065 64189 73076 75008 80013 80121 81648 91892 92753 94531 94927 94929 
3 178
18 62 269 329 354 488 606 780 795 797 931 948 1243 1250 1469 1564 1729 1739 1948 1956 2044 2084 2102 2196 2231 2276 2309 2516 2631 2648 2672 2932 3182 3321 3395 3433 3441 3502 3541 3657 3792 3913 4041 4202 4251 4266 4680 4881 4901 5959 6144 6161 6250 6301 6501 6541 6758 6772 6781 6797 6828 6839 6943 6968 7114 7351 7471 7622 7750 7833 7846 7882 8066 8146 8204 8265 8531 8566 8659 8747 8781 8942 9152 9248 9304 9366 9586 9706 9783 9981 10079 10361 10392 10490 10564 10611 10670 10713 10759 10822 10918 11112 11176 11266 11562 11731 11805 11871 11943 12031 12032 12232 12237 12255 12279 12313 12388 12452 12640 12684 12713 12926 12927 13093 13101 13403 13428 13538 13556 13568 13752 13785 13796 13942 13966 14048 14165 14297 14314 14371 14703 14792 14875 14888 14897 15155 15350 15514 15544 15600 15678 15724 15783 15784 15927 15970 16003 16023 16250 16278 16330 16497 16606 16739 16896 16930 16960 17075 17159 17257 17271 17398 17511 
4 173
205 492 500 518 628 798 840 869 1097 1516 1623 1666 1780 1901 1999 2012 2085 2145 2463 2537 2912 3176 3260 3293 3303 3429 3510 3599 3705 3848 3993 4076 4337 4502 4527 4796 5084 5182 5189 5550 5918 6229 6287 6463 6490 6519 6582 6657 6885 7035 7140 7518 7726 7743 7760 7824 7871 8051 8058 8059 8254 8524 8822 8837 8963 9214 9276 9401 9579 9731 9953 10034 10133 10172 10270 10378 10408 10566 10649 10722 10846 10852 10929 10958 11227 11405 11444 11461 11497 11609 11761 11789 11896 12453 12520 12604 12738 12769 13195 13302 13330 13459 13490 13528 13546 13922 13949 14177 14304 14317 14653 14716 14729 14794 15042 15135 15170 15220 15268 15456 15851 16308 16318 16396 16458 16477 16522 16553 16747 16836 16924 16991 17275 17525 17867 17905 17981 18127 18231 18338 18401 18695 18817 18929 19300 19310 19445 19462 19463 19515 19523 19564 19852 19950 20045 20068 20260 20595 20618 20865 20872 20992 21127 21474 21578 21843 21937 22230 22427 22428 
5 159
88 151 507 946 1045 1120 1136 1151 1295 1414 1555 1598 1716 1944 2041 2166 2411 2438 2569 2830 2840 2861 2976 3187 3302 3378 3635 3926 3940 4464 4561 4617 4634 4830 4878 5022 5155 5283 5302 5355 6142 6722 6764 7243 7558 7893 7985 8168 8312 8369 8401 8447 8797 9199 9291 9417 9588 9589 9736 9964 10151 10424 10598 10897 11923 12468 12594 12689 12773 12854 12970 13035 13072 13450 13736 14196 14462 14937 15140 15191 15209 15361 15381 15855 16402 16934 17005 17348 17559 17571 17734 18230 18250 18381 18456 18518 19263 19565 19965 20074 20225 20933 21011 21103 21122 21427 21723 21993 22094 22140 22153 22609 22692 22712 22767 22830 23148 23455 23530 24018 24058 24126 24214 24288 24642 24656 24862 24906 25605 26231 26305 27049 27074 27518 27963 28268 28399 28799 28813 29451 29524 29575 29811 29934 30326 30427 30969 31331 31662 31697 32279 33414 33777 33779 33834 33858 33950 34043 
6 153
180 332 363 546 549 659 742 1202 1246 1314 1360 1512 1898 1972 2065 2239 2519 2619 2746 3149 3230 3396 3455 3475 3690 3976 4046 4267 4349 4384 4978 5375 5493 5568 6156 6421 6425 7032 7080 7115 7907 7968 8156 8325 8373 8391 8417 8840 8948 9813 9934 9956 10068 10714 10992 12503 12574 12656 12826 13179 13607 13692 13776 13812 13876 13965 14000 14015 14072 14510 14664 14734 14824 15167 15230 15310 15386 15413 15694 15799 15825 15879 16390 16459 16766 16880 17066 17370 17466 17640 17873 18227 19107 19230 19232 19279 19403 19510 19913 20519 20763 21355 21373 21394 21747 21984 22232 22797 22808 23172 23709 23868 24706 24858 24981 25332 25506 25538 25597 25845 25892 25983 26159 26287 26361 26704 27187 27357 27814 27970 28422 28524 28586 28775 28836 29260 29534 29611 29618 29846 29954 30410 30435 31067 31191 31318 31622 32078 
7 144
20 598 819 911 2595 3684 4178 4625 4698 4759 5438 5948 6381 7276 7992 8085 8404 8748 10684 10810 11081 11578 11803 12230 13721 14575 14661 14906 15406 15797 15829 18730 18983 20035 20852 21067 21637 22124 23266 23689 23873 23995 24103 24486 24954 25556 26369 26576 26746 28078 28118 29958 30436 31007 31097 31801 32755 33086 33118 34995 35358 36173 36827 37174 37375 38007 38237 40956 41371 41423 41620 42857 43103 43898 44113 44752 45381 45419 45936 47178 47706 47904 48248 49120 49231 49559 50642 51238 51537 51594 52899 53235 53571 53956 55495 55610 55805 56089 56231 56691 57120 57380 58708 61185 64488 65072 65095 65487 66005 67583 67809 68369 68528 69333 70050 70343 70769 70857 70880 71137 71328 71728 72984 73285 73471 74027 74304 75210 75688 77021 78238 78467 79108 79896 80107 80513 80522 80887 81962 82057 82338 82477 83059 
8 144
29 46 219 406 468 687 709 727 812 815 824 831 904 1036 1125 1434 1562 1565 1653 1721 1738 1787 2026 2043 2073 2452 2582 2610 2623 2742 2765 2813 2827 2993 3046 3257 3375 3445 3693 3894 4352 4429 4434 4614 4661 4709 5027 5199 5699 5704 5789 5823 5971 5972 6147 6359 6623 6795 6801 7121 7299 7308 7310 7322 7397 7413 7419 7456 7506 7642 7647 7774 7816 7919 7947 8048 8074 8075 8413 8428 8455 8478 8493 8510 8574 8777 8910 9026 9157 9192 9279 9358 9506 9734 9777 9868 9979 9994 10019 10035 10227 10279 10326 10370 10381 10532 10745 10885 11084 11287 11321 11391 11443 11570 11621 11924 11984 11993 12145 12328 12333 12360 12377 12534 12540 12609 12765 12858 13426 14169 14200 14355 14395 
9 121
440 774 1156 2360 2637 2951 5702 10018 11281 11567 13669 14030 14719 15223 15266 15585 16908 18195 18740 19615 20547 21228 21253 21884 22072 23910 23941 24507 26265 26493 27652 27808 27951 28593 29982 30912 31675 33749 34007 34020 34328 34593 35210 36079 36130 37384 37575 37591 39295 41680 43302 43622 48135 48318 49508 49918 51333 51351 52267 53130 54739 55213 56462 56608 56859 57306 57664 59200 60031 60314 60835 61072 61098 61494 62101 63129 63906 64720 64922 67454 70758 71596 72000 72772 73792 73889 74078 75089 75525 75633 77792 77799 79091 79768 80867 82165 82632 84516 85344 85594 85627 85938 85995 86349 87159 87391 87693 87781 89933 91316 92324 93890 93949 94359 94373 94579 96945 97043 97122 98835 
10 243
45 168 295 576 578 725 999 1352 1791 1812 2141 2163 2296 2386 2479 2560 2852 2863 3096 3185 3308 3424 3501 3972 4257 4319 4383 4487 4615 4741 4788 4885 4906 5078 5323 5625 5672 5675 5693 5869 6023 6100 6133 6244 6276 6520 6760 6953 7318 7636 7708 7745 7905 8185 8427 8567 8809 8978 9087 9156 9327 9363 9377 9504 9735 9817 9839 9989 10138 10167 10292 10464 10798 10828 10997 11034 11265 11453 11758 11783 11785 11890 12068 12129 12367 12427 12571 12665 12693 12760 12953 13134 13326 13383 13511 13819 14066 14129 14238 14277 14321 14460 14521 14911 14936 15000 15043 15159 15233 15251 15283 15393 15394 15481 15643 15703 16027 16674 16703 17038 17202 17268 17359 17396 18027 18079 18290 18345 18657 18732 18819 18833 19504 19831 20062 20166 20172 20323 20330 20333 20422 20457 20633 21083 21652 21686 21698 21703 21829 21832 21920 22431 22566 22591 22616 22742 22745 22871 23003 23021 23505 23547 23646 24098 24233 24314 24338 24407 24429 24603 24704 25116 25194 25262 25459 25596 25617 25782 25795 25871 25905 25963 26319 26365 26732 27121 27181 27499 27602 27650 27716 27934 28204 28298 28429 28920 28921 29249 29300 29379 29734 30029 30056 30060 30261 30304 30366 30388 30551 30612 30688 30765 30867 30884 30956 30987 31021 31076 31081 31350 31377 31546 31629 31669 31674 32141 32250 32461 32641 32681 32740 32917 33057 33061 
11 123
152 367 450 671 769 1074 1138 1278 1279 1299 1432 1744 1793 1913 2175 2457 2668 2758 3142 3285 3349 3393 3496 3515 3677 4135 4170 4360 4431 4479 4500 4597 4629 4757 4961 4995 5381 5515 5615 5617 5705 6041 6636 6727 7123 7135 7200 7290 7343 7562 7704 7829 7852 7889 8180 8256 8405 8577 8883 8893 8927 9125 9292 9343 9447 10141 10249 10528 10652 10716 10954 11099 11272 11409 11465 11520 11823 12038 12622 12660 12830 13245 13299 13402 13414 13464 13559 13610 13738 14221 14483 14494 14525 14538 14658 14957 14997 15033 15055 15106 15315 15532 15781 16031 16053 16192 16398 16709 16787 16831 
12 103
53 409 625 857 1253 1400 1577 1596 1724 1921 2045 2348 2530 2587 2627 2949 3234 3388 3438 3859 3893 4059 4160 4418 4567 4771 5074 5387 5435 5542 5726 6032 6615 6677 7028 7159 7790 7961 8184 8238 8877 9090 9369 9386 9445 9456 9836 10053 10274 10368 10428 11005 11075 11100 11491 11806 11935 11953 12352 12401 12610 12647 12653 12851 13314 13317 13536 13553 13709 13735 14333 14339 14563 14812 15340 15390 15632 15733 15767 15874 16068 16569 17505 17546 18198 18306 18501 18645 18652 18702 18915 18916 18965 19256 19602 19915 19969 20050 20084 
13 2
27540 35977 
14 179
665 746 899 932 1121 1158 1454 1643 1920 1932 1968 1987 2353 2363 2625 2636 2785 2938 3085 3112 3210 3322 3345 3514 3531 3824 3835 3891 4005 4142 4548 4574 4596 4707 5042 5053 5123 5219 5231 5417 5453 5601 5626 5651 5681 5831 5872 5889 6060 6108 6141 6240 6243 6251 6305 6314 6390 6486 6630 6875 6945 7037 7269 7329 7382 7431 7466 7494 7851 7921 8134 8140 8215 8324 8487 8803 9050 9065 9230 9381 9458 9503 9596 9684 10111 10407 10516 10605 10666 10758 10857 10910 11080 11120 11231 11247 11408 11418 11442 11674 11839 11990 12174 12177 12206 12209 12438 12517 12538 12744 12848 13167 13485 13561 13809 13862 13936 13938 14042 14126 14154 14198 14234 14548 14620 14822 14861 15094 15218 15272 15289 15422 15551 15631 15735 15744 16149 16504 16560 16565 16653 16672 16805 16841 16849 16881 17172 17196 17597 17743 17778 17850 17874 17888 18012 18059 18069 18161 18337 18462 18503 18687 18737 18808 18857 18881 18909 19019 19024 19147 19350 20056 20268 20473 
15 52
2377 4021 5588 9016 10501 11840 12479 13566 14554 17290 17303 18515 21254 21800 23109 23511 26268 26406 26991 37098 38930 41329 44833 52785 53039 57642 60303 60533 62347 62894 64708 65137 66024 70169 71984 72094 72969 73713 74080 75048 76142 79324 80815 87654 89491 90172 93042 94771 95922 96024 98349 99087 
16 76
259 442 520 660 668 697 821 918 1084 1374 1537 2023 2093 2578 2649 3354 3610 3834 3908 4080 4099 4577 4742 4754 4859 5077 5259 5382 5383 5766 5970 6131 6495 6961 6977 7320 7497 7548 7620 8851 9173 9434 9519 9570 9987 10232 10440 10561 10565 10628 10650 11222 11439 11584 11700 11760 11971 13002 13135 13523 13544 13579 13630 13654 13816 14122 14588 14603 14823 15232 
17 128
200 602 838 1075 1208 1375 1640 1676 2110 2883 3716 4490 4974 6462 6625 7099 7356 8434 8856 8923 9113 9494 9711 10466 11596 12725 12761 13041 13287 13322 13368 13409 13807 14500 15212 16313 16466 17022 17536 18025 18524 18883 18906 19125 19144 20101 20111 20392 21007 21039 21272 21609 21641 21772 22596 23031 23106 23586 23708 24612 24675 24724 24725 25223 25367 25555 26097 26856 28225 28504 28770 29555 29925 30193 30239 30762 31762 31964 32380 32998 33046 33511 34249 34900 34915 34977 35411 35503 35595 36109 36466 37279 37637 37819 38879 38975 39537 40099 40628 40695 40771 40780 40977 41044 41308 41957 41960 42214 42387 42473 42969 43222 43542 43758 43839 44202 44267 44791 45030 45257 45392 45690 45815 45956 
18 109
202 451 658 870 1691 1778 1869 1967 2089 2302 2925 3418 3499 3895 3977 3985 4121 4284 4409 4437 4856 4929 5140 5147 5406 5589 5657 5770 6173 6527 6616 6762 7009 7015 7386 7441 8169 8418 8752 8859 9063 9347 9658 9753 9926 10395 10540 10582 10619 10678 10774 10791 11122 11364 11404 11930 11980 12079 12435 12516 12564 12893 13098 13297 13466 14660 14954 15015 15104 15202 15763 15867 15884 16006 16114 16201 16287 16457 16557 16663 16862 16975 17217 17462 17718 18055 18257 18293 19431 19980 20132 20465 20930 20947 21312 21349 22000 22694 22756 22954 
19 49
907 978 1244 1282 1539 2000 2266 2357 2387 2870 2872 2874 2940 3288 3765 3914 4516 4657 4666 4676 4895 5180 5276 5433 5624 5854 5919 7079 7134 7492 7712 7719 7806 8170 8381 8498 8729 9079 9150 9197 9514 
20 43
7 27 107 111 132 162 309 454 568 923 1002 1190 1283 1590 1822 1847 2229 2368 2663 2669 2939 3247 3481 3482 3552 3606 3920 3932 4091 4171 4306 4469 4692 4725 4758 4769 
21 70
19 186 759 768 922 1169 1183 1493 1547 1710 2051 2630 2666 2720 3044 3216 3217 3337 3660 3790 4058 4205 4219 4224 4416 4782 4919 5006 5026 5333 5469 5717 5791 6054 6117 6134 6203 6231 6246 6435 6538 6696 6698 6899 7060 7501 7545 7574 7644 7756 8107 8366 8512 8612 8796 8799 8918 8970 8992 9592 10136 10263 10604 10624 
22 25
97 360 370 417 424 521 877 1484 2317 2614 2744 2843 3559 3970 4246 4451 4845 4875 5136 5177 
23 18
69 110 209 245 254 287 306 405 519 560 828 951 1174 1312 2035 2248 2267 
24 12
49 55 133 469 545 555 966 1209 1330 1371 
25 1

