27
973 373
34567 37384 90877 59757 52532 22269 38321 31533 55417 50509 26527 39109 74195 47288 64837 69916 49806 32100 27782 45662 27477 82926 4381 90430 60758 74730 21575 2845 82800 68922 95990 24609 38171 4789 25824 27245 10932 63245 61373 8372 92559 50090 44533 71824 4666 83908 33311 50074 29142 46162 99042 19043 94570 43892 30417 71378 31838 14104 65113 86384 79588 93910 41618 79905 13190 18480 93438 73659 2721 51007 24644 98332 6779 42142 45489 80508 47823 22593 49888 80416 67192 76250 42361 19123 88433 2169 40965 74559 45053 93979 93252 76531 20381 49332 70315 15771 23121 69417 97788 22015 56826 84878 90995 84393 43042 85829 59074 50567 51808 52168 65945 94631 85229 35071 59336 29968 87724 61809 39207 3668 6803 19402 85364 24356 81178 50481 65897 24841 5549 37635 12273 25621 29893 57935 78984 35517 61306 33382 13507 87066 87815 44064 86928 29232 35218 58429 64870 84521 43977 22709 2204 76089 19634 24876 46460 99378 36669 77018 58085 16777 95928 71199 29198 71380 55610 67288 67553 52032 10444 86157 37846 29262 25934 81627 18794 83146 96590 71807 21758 48347 56394 25961 50647 38499 91809 8732 13251 76706 99734 30232 26666 41059 25892 40393 74639 89331 36023 86968 71506 41563 11836 90506 24978 27741 97812 44842 54596 19339 12666 41125 33362 72124 22605 13865 26953 82058 75158 42345 39201 18583 17663 57540 17641 3074 20384 28139 6257 54253 73455 45109 18890 77649 46066 16395 97132 76861 53896 3899 61231 36741 21569 88396 75486 78859 58295 17426 16949 72637 61290 56464 21710 74568 38539 81515 89488 87436 34160 32340 72453 90753 95995 59096 40387 55609 21502 45217 78946 23731 26997 3129 96548 82641 19805 63465 35026 39168 6025 44671 89992 36758 11338 65861 53933 77070 71296 69766 10284 54863 34422 11295 98695 28771 27918 49520 68252 63530 46147 44148 52563 40158 84663 3366 51797 94946 90663 65281 2641 89718 58364 76030 37392 88958 43222 80169 64043 13529 69791 65582 59156 45245 31784 65085 67479 74378 14056 55704 52000 35209 13253 8133 62254 7090 13410 72293 14315 15181 37837 50437 42973 38035 79579 24932 87640 20210 56856 63565 59696 72136 65403 36733 81275 97921 35877 29524 8616 84664 91892 35826 57925 19126 32624 56295 42477 40301 77233 95021 97768 54471 71108 13822 97239 60646 53328 
974 359
30690 55843 40267 62239 62129 51567 10459 36726 32569 89033 63632 36964 38570 56143 146 58368 90898 60503 71900 49568 62 75724 93441 93640 37474 31492 46733 50648 31758 88976 11574 57530 30289 45404 22008 21880 81452 80552 81365 72827 60929 95866 43010 32811 96558 44016 62314 43866 98 22396 11866 43902 67372 38339 43482 74457 2912 25924 48198 30237 56877 18780 67382 69144 72080 88519 89154 48880 39848 38415 9054 79442 510 79509 72949 65114 49044 95924 10666 46699 64599 77508 39427 87479 47571 26785 29272 92856 80354 87464 48366 25134 10955 49123 33170 68208 16047 23708 81778 51390 63644 61188 4719 236 21266 36980 88863 93445 4959 69314 91993 926 13816 37047 42090 32617 24816 56009 695 26354 11941 53984 23479 83093 7453 10003 70979 30902 73715 64524 40127 19779 41532 5855 76870 94704 77197 15526 62652 35688 44709 15940 65026 28882 26044 17488 99833 67388 3144 42255 76444 42609 36611 27145 83621 218 9271 61104 39245 57056 89642 91978 27863 93352 25626 4273 33371 96036 53813 17736 50558 44653 71869 14630 97327 52101 43694 28568 43249 8984 47185 45389 45989 17263 35781 26116 57087 97581 98827 42336 77698 13585 42276 42779 89671 16384 17509 34712 19832 24764 22067 11080 30378 72451 10328 91669 58423 21961 76739 55494 52260 3747 76232 43386 68627 18906 41154 64054 25302 4142 73695 4872 34 65834 36702 66976 27606 53243 16436 51878 99581 1774 59695 60048 63768 88421 27971 15188 96183 65115 21020 81220 93997 84300 79961 34464 5346 88394 26055 14951 30022 24842 32657 42620 22939 77527 8513 34774 42481 11226 18839 11419 41212 3006 60637 90025 36607 45689 98136 65631 74312 77642 23084 98307 3871 25903 14056 77421 48446 36630 52156 19080 24062 10036 59962 76532 33036 25950 48047 8759 22500 22064 72627 56486 7809 92938 90996 46905 64744 92985 71437 14074 78115 62542 17470 57487 86193 41605 57512 73544 42269 63008 96499 20498 25520 28475 77613 79985 27164 51354 54067 66795 44766 76348 41615 82693 59263 82734 44316 90310 87719 80024 59583 16809 34229 85272 43791 27146 33030 73521 71249 905 2043 36319 69156 99676 12441 78347 12844 32536 5491 61202 92425 44464 36608 64826 30584 96489 92497 
975 57
52723 68881 35085 37439 48652 87795 57992 64233 60616 41118 86174 39946 32823 47397 73923 78436 15456 71614 29571 3421 67461 26328 83891 77127 1149 51400 94173 47035 29019 13627 15129 68384 87750 33471 16634 24638 41314 26256 54639 10601 65216 7997 33418 43281 42638 12176 6560 62118 96 29590 8787 51273 60666 16516 53183 44890 79311 
976 122
33180 58202 12341 24137 85156 1529 95107 51566 75353 31134 50669 40282 10348 82445 84230 38159 68680 42219 56285 35892 75570 25907 21307 86635 31517 40322 16138 18532 86717 30248 11152 24107 1035 74158 34063 36800 77700 96887 84236 98284 23390 27061 72626 8230 1456 50822 58836 14035 18962 12127 33952 10532 83359 44102 92629 86755 60290 77109 37975 44666 40443 50321 2696 77200 7487 44352 51830 4002 71843 77225 26930 33959 48266 11674 10870 61600 90241 21924 38015 77641 38383 98905 38913 64029 29844 74659 72808 4202 65478 7452 8517 39602 42649 1434 20130 17756 60790 38726 96284 97528 92507 71705 8768 78647 6754 47813 89497 71574 37770 44641 42263 52131 52426 56792 88660 53430 39483 85369 31332 66788 48718 41885 
977 163
26056 40506 29011 62583 39798 96704 99818 7359 75889 43673 4103 63976 7708 23986 50383 10143 94888 26541 5597 95050 37658 87561 18069 39001 41174 34080 22305 57861 64866 43531 59409 65588 62386 16602 89817 13919 58230 35993 11754 15947 77724 3756 43264 35261 26580 89763 33880 8111 16781 57154 64503 65100 10964 70401 2417 19950 27274 57936 80039 82367 1699 38817 9412 97574 67614 53895 12325 67185 46632 30387 70031 82488 66970 73277 57351 37809 59764 41058 90583 4680 24934 85196 98828 38331 35791 30175 77387 83858 13620 94542 86966 74332 65493 19113 35307 31033 98456 61233 41204 53871 21764 59089 672 63431 28508 6637 44495 60052 76684 38 45316 79835 66790 43045 81316 97519 91761 57935 65438 49136 64113 44612 37593 29614 65843 24701 91929 27586 95217 51816 43446 66848 62498 83014 92827 1976 88275 75860 99899 28170 15967 30736 14868 96558 94739 16501 74630 99707 43943 65883 79533 36192 34824 14827 67280 54966 95423 95804 48069 15022 6611 53865 32623 
978 153
55272 68403 28801 33615 25197 27282 6259 35559 41292 1783 14796 22153 56354 66322 40031 70268 65318 44097 7212 79430 83052 16408 46555 48333 64199 40686 43322 13327 21448 48268 39914 55806 58593 8762 19176 10601 29559 11488 19330 5067 20586 81528 8209 48942 4086 23785 95903 38914 22502 9 75794 59325 67489 55971 77121 88030 71921 35815 63681 69963 10789 61337 29056 91681 19249 45521 70053 5680 69803 92517 38286 22086 80458 5666 62268 36195 96670 9163 13486 60410 69006 55743 75048 63448 23710 88203 64594 64073 17037 28216 78404 67858 22962 61628 37181 24083 53768 20361 13950 29772 27816 95716 15910 6931 87101 71562 33935 45779 41374 88238 54542 12922 14623 85195 82228 95315 10028 84168 24514 78011 25903 77316 18301 88172 10509 56420 76311 6317 93675 14634 29895 29110 33833 54660 2933 76136 98503 84088 50877 29298 10496 64421 75347 43713 19310 15031 19551 45967 14143 37994 4342 95677 8980 
979 149
92176 82570 70832 5144 82492 40633 95611 64852 17180 88520 53163 35768 54522 36036 43996 8817 98611 93965 7167 31864 59070 44997 5477 76620 52369 65100 57900 58854 28037 92212 43559 54427 10944 82504 36441 16564 13304 12610 91829 28807 5456 18091 56928 39597 62557 1398 12120 50594 18648 10592 88931 49838 55673 73550 66224 82178 60144 78316 83991 70921 57322 25562 39231 37632 80294 3959 84352 16241 54781 44065 69315 2915 55073 32671 28405 40265 9035 1633 50925 52953 83589 24779 67679 74588 28940 25924 42238 29117 6808 12216 62754 77796 63469 41296 70618 72491 76280 41244 49383 53260 87507 39121 24824 48467 82404 47741 53038 45293 39179 82620 12237 77023 87255 67317 30248 96560 19658 6734 75110 43186 46336 29312 96514 70226 94136 11897 60272 97481 89428 38595 6351 76512 55522 51358 93961 5543 25118 81504 66667 46743 25394 69891 12583 15801 10015 91852 20504 1230 30702 
980 61
58535 57740 40376 82812 53267 46215 98145 4930 17363 1399 94783 13155 43657 45759 58329 92563 17168 82474 99924 77096 887 34031 65076 67967 45624 26801 40701 12321 71793 84155 10819 75186 32655 11700 50495 58245 29527 8674 14930 71877 46978 15751 2387 52264 36275 1369 34286 9616 95502 16702 77815 22395 9802 47728 18325 29496 53617 48948 10141 71878 91349 
981 253
60502 32891 87800 29102 77787 53727 89049 71381 65010 34220 98335 58920 49848 67503 92180 26681 39254 85380 14245 26373 5322 71783 74530 90600 86546 72022 87523 96859 79104 40458 16976 21625 99440 5762 28120 17025 87270 79885 69738 50400 97230 95302 52572 23274 53080 9793 75537 15550 85992 69085 77351 88615 88868 54840 89820 63643 11182 23504 40464 12832 73043 5147 9122 94192 7492 85224 75369 43668 91376 13605 62032 38063 5936 19567 78276 93775 70587 92690 20971 74982 54349 98922 39571 91518 63598 10873 42822 8454 16873 87246 9239 72713 38234 72502 27423 78564 7215 79639 72734 60628 19946 6445 39029 68853 17231 49932 24469 65520 51943 168 70267 62873 48997 17895 70706 50739 29496 38649 71480 45532 70707 86878 13739 82239 29610 74028 84551 25442 1324 20122 69613 62703 88400 33683 54611 49789 69080 80788 42072 36340 43045 30398 3533 18750 33571 84947 49320 97003 68626 61604 93622 29012 92713 74353 72440 49191 33920 53236 45576 47517 10959 71314 5332 301 62384 65262 17420 88685 54055 59399 16618 24494 67332 12134 24749 79338 27202 35801 43264 60594 8977 31902 91539 72911 61424 6071 94281 71361 77969 50094 44837 62269 12143 95623 2969 9857 33892 43835 68207 63630 68461 37327 90577 7669 81714 42164 10477 41716 16159 25348 35868 57448 26905 12435 39760 58651 99493 24320 54957 57499 92582 27850 49073 63849 23726 20576 64708 92415 55286 16082 27346 40741 27649 38866 47901 7385 63506 7937 27297 66503 53694 92529 40929 27902 78273 45413 36845 36174 52940 47651 42850 88081 71307 
982 245
83460 80025 86867 94923 7534 61674 30782 36986 15762 99671 25687 3182 56283 96870 29589 42620 35352 13869 97923 54884 24067 69895 69399 98283 22981 77073 12277 45194 97070 69081 5970 14788 42703 38784 63632 66910 37417 49351 30200 68089 81934 47496 56097 49857 84305 94111 95822 75667 77762 7441 77176 7223 83442 85687 88121 26306 36140 42065 30905 45915 98202 84700 18943 30376 59594 43151 77493 72108 71052 61271 74893 92748 27615 84773 13783 42031 28213 72067 10912 98507 23166 10380 33913 7746 93957 99674 85378 57058 39082 82567 84550 97391 17080 92216 71659 78314 40857 7285 99104 73879 99891 13919 99659 77687 78579 46935 88823 11758 31283 70699 47951 26796 7533 24858 98464 84976 60548 13916 53446 96055 46658 56902 65707 81198 2682 59867 92426 55417 31287 224 75648 33593 91444 62471 95363 85211 65804 68756 7652 96509 66867 89652 22268 15801 67169 3305 90960 4864 75645 49434 62014 91436 58491 36954 48385 89327 41062 18849 34373 98701 91001 30120 24998 31050 89247 88485 61572 40929 37192 32722 25047 85175 399 83883 77930 84661 15099 56692 31873 96521 28040 17638 4681 86822 73225 56129 10193 81405 65381 46073 29491 97048 7822 3141 39551 6035 43665 85384 20653 42603 90085 63732 45345 54582 56330 68988 98265 79450 94303 21429 34066 25122 75939 22250 73551 66399 49198 62601 38576 22065 947 9137 14668 36961 29473 53799 81172 64407 6218 6416 45810 68495 78951 88258 64836 30629 95368 67109 95028 43976 82103 39754 97165 31294 85582 
983 112
9164 22810 56506 62926 56826 39883 30404 45513 89771 46 19926 13858 53817 2475 98339 64560 11360 13660 60913 90224 49944 39937 56026 17071 74823 4128 24523 60277 20398 54121 58303 14566 684 11134 70801 87780 87497 97181 56959 66367 4585 65128 18838 48270 95137 47791 94994 65103 20877 24285 43691 34070 28240 2698 43771 38976 57050 89205 56515 21766 31447 4868 9386 38026 63903 77481 98969 10825 61471 69603 95345 95146 98272 14471 90192 5040 10553 99774 16718 5207 28237 71566 1465 77343 30849 16123 70676 36412 85694 85861 29632 29873 8259 31811 61868 54933 62864 92893 31787 40791 67764 75932 7095 17627 1549 4402 32567 79272 11332 40276 91910 2369 
984 213
41627 66418 42979 26449 94656 24237 13023 13814 35325 69409 40718 93592 68252 40539 56959 46362 8410 78670 36972 32303 93082 95618 8788 29149 18491 92648 50336 33027 73045 96522 42676 8466 21656 57692 67801 40887 75459 82395 49511 56306 23566 59414 84026 51871 88980 65750 51083 60933 50431 27395 22972 17086 54010 14955 73140 20881 7992 12942 75945 70669 16211 20291 32054 64759 34711 26686 35841 83716 95610 73564 84630 35766 92150 3867 58994 89686 99818 95858 9340 58346 51977 32601 38759 31857 34159 30822 54449 3310 54090 32371 36373 54694 91263 2685 17607 87939 47474 7434 32953 65708 13152 48224 1860 29750 90574 87621 48729 65980 39964 66939 36454 26035 45083 73470 45940 53244 29514 79343 473 46433 57060 75378 25926 10451 95050 98075 22234 19468 75184 55894 9752 23754 34749 52815 95110 41305 81275 26951 14005 49202 62813 73670 56360 93242 4612 66924 77774 59790 20832 580 68907 42410 91096 88844 37369 33018 78305 32209 53921 82938 12474 27974 20670 10581 52552 57126 7217 35240 74303 77981 22033 29902 14288 56809 70598 30630 48723 54081 834 25594 16481 63873 42098 86575 74326 28804 36594 59025 59981 35185 51167 11511 46630 44013 65235 91911 90227 15120 83269 86233 26643 15008 5169 11847 91775 52942 60531 19569 33610 81923 75204 52101 14481 
985 191
50653 71525 11660 84134 13747 61942 74223 42871 2568 98676 33393 91017 82575 75700 49853 20843 62858 28342 55782 43201 20755 41785 80187 27560 29544 75760 11157 6923 81262 80125 93524 12141 15641 58829 53140 57989 85468 63774 96049 77682 78120 71698 62268 88703 6244 68623 49081 37975 70435 62365 36379 82855 31772 87425 6355 13760 36049 41614 98081 66510 42890 48998 97748 32737 32115 24223 57956 4723 19044 53432 26110 25985 74313 93564 79621 20457 61004 50699 48184 90806 97506 2046 78293 32876 86063 44381 65252 23731 81635 3317 72638 64600 51154 4335 96513 67005 33685 67570 36158 94420 67690 4627 42902 34342 58214 77183 55116 35538 57601 37049 95591 17802 84355 27987 36031 36516 20057 82359 90389 23687 46197 67936 33098 16827 52558 49484 23489 21108 6122 9171 29905 68918 94717 90815 17042 39590 37210 29260 77044 22227 23617 35598 82153 55804 5397 48109 75199 68368 28288 63381 94708 78738 24405 16421 42169 23765 80483 48584 84479 20407 27921 25671 4329 418 43735 4093 19105 62529 13680 60589 76064 42505 12551 29810 10301 66086 78292 21621 49720 62199 12463 33553 91521 41138 16301 35891 67771 37709 45151 72350 24625 
986 175
46145 70661 36928 48310 47642 81691 51105 85841 81428 76612 58567 95179 48418 63461 56060 37595 4423 11096 3599 80563 28107 6921 34383 8830 52349 59603 84208 67712 22360 56432 58936 14266 40538 97121 28526 83737 52758 11724 52524 95008 99503 56593 11413 85522 68463 10461 67162 8956 68124 71286 37665 98025 17842 77695 28798 32471 76293 17407 25180 28817 96455 30995 23769 52787 47891 23419 73385 64025 7366 79943 24011 88097 5214 7277 34325 11286 27808 63414 62376 56285 82636 75079 88678 40098 20759 8558 80418 34531 10341 84299 14424 10812 57082 89403 44002 53844 32974 65999 59588 6273 48640 59616 45480 45179 96475 37729 77847 34048 53188 37005 46156 56018 22063 38938 68808 43807 69044 94646 43872 21549 87302 53634 81993 51967 54457 31537 81705 41510 56257 79268 98631 38309 9983 14763 13714 15966 46425 95709 88498 83746 23768 42657 75016 67391 56118 63406 49598 47760 31153 77951 27043 85030 66115 26022 2614 32272 80826 70044 49456 26293 80258 97281 94803 25793 6485 16006 39410 81546 78959 70217 57885 50786 45661 93350 18283 
987 165
91717 99941 75209 19357 67189 14117 70725 68679 73159 24506 24072 44599 56413 21536 81425 33500 66605 17109 31690 39246 25838 91130 77417 671 99814 51817 53130 63879 93042 32524 13718 58819 67340 13612 66062 95028 16510 50217 29140 44767 64727 1762 41502 544 81577 19992 26017 96338 98826 36622 52127 4462 71170 96004 56206 32172 96001 40484 41994 19410 86225 86198 3351 98458 75247 77639 78790 95789 89747 38112 81343 66643 14799 7470 97053 12726 57762 70465 165 68795 55735 28900 57845 72211 58618 7184 16159 36468 67549 22419 81907 28709 77586 43837 57449 30773 32046 67374 76768 38284 4542 49458 34175 14274 13220 1 36779 15168 97793 35315 78733 87674 4936 41878 80122 54993 48770 8992 21869 40190 65096 67213 88916 24280 92141 55539 13267 34111 77685 62688 8586 66898 29328 1629 67386 90358 7819 54824 89449 97707 58894 87578 50735 72180 31809 17228 49409 21092 6372 95572 80349 34436 65285 53668 18287 93048 1660 33008 65146 56718 80093 74168 44868 89640 35529 
988 71
55622 82903 55360 79814 52449 77429 83557 45139 57594 93435 43 46644 1962 8880 47422 12114 36522 95967 64763 43879 94760 95988 93023 86052 57270 56364 36529 60893 70972 25703 23787 97209 57364 70950 73823 97614 46564 37951 75860 56466 66558 7569 79962 28260 29739 36528 2609 39726 12149 70743 64944 71983 81785 57870 81964 13215 91003 55760 35438 11757 54040 60921 13566 17197 31085 39176 45966 91473 29631 1312 1935 
989 61
36888 78049 43715 36018 70837 32571 28488 33829 25343 46386 46130 68050 32199 54432 47590 70576 70581 55312 63900 74040 86645 17458 39086 4980 2227 3284 72411 58267 6378 70826 51129 55321 69903 6216 8769 84118 98188 64383 37355 21715 80429 14415 17202 69201 68655 64142 55059 1194 7691 3283 56582 14167 44099 4889 33706 52850 26061 68355 75778 90587 46825 
990 46
26624 20128 36378 57947 56263 27513 51943 9761 44136 76662 90238 32250 19948 73943 71197 17370 78347 18925 99687 58767 78000 31514 36694 6542 84669 22501 55517 59867 63524 80690 12782 57648 49683 80052 42631 41234 48904 51396 39495 24339 96563 99919 24232 46634 41575 22059 
991 47
83090 93002 45811 88916 72586 17442 9735 2108 88098 3547 80072 83647 83255 3795 10149 33213 84558 47962 76492 7450 14393 92327 98568 11331 7635 6396 29271 94684 81681 14536 40653 48446 34290 99566 14472 31207 58912 98422 5404 55934 29597 22218 80108 94526 20245 17268 43695 
992 72
54269 41386 82418 77112 30922 40914 18375 17947 56117 60481 47280 30148 68081 10512 35879 95794 72006 17816 10800 45917 16902 55655 359 92904 20451 20375 68876 92378 96533 21732 30101 83527 17996 58279 31237 92259 74518 42470 4103 27808 6811 57228 16620 31504 2864 3275 77868 14763 41952 28937 56857 76197 50342 11955 68879 61604 37044 60240 37439 26063 49335 37232 14530 95760 37026 13474 53178 75613 94459 2798 74443 64160 
993 34
98627 73526 21038 65022 13772 19867 80753 16043 73149 83601 67094 47265 82741 16117 46030 33043 54380 46116 51995 21093 20005 64194 37840 4709 77048 67052 43255 55676 88419 60476 92342 57877 49289 91613 
994 30
77673 54323 19296 87095 61569 40855 99483 21720 50284 45904 26851 19757 4174 44109 73605 77657 60166 69485 68703 19390 29309 92439 83937 65398 34185 77062 83929 51973 76440 44900 
995 25
65895 61411 64446 77928 18260 51141 22905 94558 20194 5368 70915 30470 79624 46058 83350 48466 25933 67723 47691 60272 8211 34746 82490 85580 22758 
996 25
41697 34939 51613 85982 85832 55309 15988 77280 82912 79461 31165 73323 36708 28370 7868 29344 50374 4725 17274 27272 8270 43568 59914 40856 7449 
997 9
45947 6916 30500 69506 18557 66745 73691 6360 51023 
998 1
73638 
999 1
41400 
